State=INSPECT
shift_signed=0 shift_abs=0 shift_med=0
score=0.8779596964518229 score_med=0.8995062112808228
resid=0.3954986333847046 resid_med=0.30471667647361755
ORB matches=100 inliers=80 ratio=0.800
