State=INSPECT
shift_signed=0 shift_abs=0 shift_med=0
score=0.7925922938755581 score_med=0.7925922870635986
resid=0.34755438566207886 resid_med=0.34755438566207886
ORB matches=100 inliers=47 ratio=0.470
