State=INSPECT
shift_signed=0 shift_abs=0 shift_med=0
score=0.6801761445545015 score_med=0.906410276889801
resid=0.5177574753761292 resid_med=0.3042646050453186
ORB matches=100 inliers=88 ratio=0.880
