State=INSPECT
shift_signed=0 shift_abs=0 shift_med=0
score=0.844342767624628 score_med=0.906318724155426
resid=0.31711345911026 resid_med=0.24528713524341583
ORB matches=100 inliers=70 ratio=0.700
