State=INSPECT
shift_signed=0 shift_abs=0 shift_med=0
score=0.401594470796131 score_med=0.6446560621261597
resid=0.6058365702629089 resid_med=0.454830527305603
ORB matches=100 inliers=95 ratio=0.950
