State=INSPECT
shift_signed=-3 shift_abs=3 shift_med=3
score=0.7350049647781774 score_med=0.7350049614906311
resid=0.3569090664386749 resid_med=0.3569090664386749
ORB matches=100 inliers=80 ratio=0.800
